Profiling Info for Benchmark Initialization:
============================== Run Order ==============================
node type, first, avg_ms, %, cdf%, mem KB, times called, name
ModifyGraphWithDelegate, 39.274, 39.274, 91.614%, 91.614%, 8444, 1, ModifyGraphWithDelegate/0
AllocateTensors, 3.595, 3.595, 8.38601%, 100%, 48, 1, AllocateTensors/0

============================== Top by Computation Time ==============================
node type, first, avg_ms, %, cdf%, mem KB, times called, name
ModifyGraphWithDelegate, 39.274, 39.274, 91.614%, 91.614%, 8444, 1, ModifyGraphWithDelegate/0
AllocateTensors, 3.595, 3.595, 8.38601%, 100%, 48, 1, AllocateTensors/0

Number of nodes executed: 2
============================== Summary by node type ==============================
node type, count, avg_ms, avg %, cdf %, mem KB, times called
ModifyGraphWithDelegate, 1, 39.274, 91.614%, 91.614%, 8444, 1
AllocateTensors, 1, 3.595, 8.38601%, 100%, 48, 1

Timings (microseconds): count=1 curr=42869
Memory (bytes): count=0
2 nodes observed


Operator-wise Profiling Info for Regular Benchmark Runs:
============================== Run Order ==============================
node type, first, avg_ms, %, cdf%, mem KB, times called, name
CONV_2D, 0.053, 0.0516, 0.00527474%, 0.00527474%, 0, 1, [convolution_130]:643
CONV_2D, 0.01, 0.0106, 0.00108357%, 0.00635831%, 0, 1, [Add_234;convolution_111;convolution_110;Const_2]:629
CONV_2D, 0.057, 0.0572, 0.00584719%, 0.0122055%, 0, 1, [onnx_tf_prefix_/box_net/act_14/Relu;convolution_129]:639
CONV_2D, 0.009, 0.0096, 0.000981347%, 0.0131868%, 0, 1, [onnx_tf_prefix_/class_net/act_14/Relu;convolution_109]:625
CONV_2D, 0.02, 0.0196, 0.00200358%, 0.0151904%, 0, 1, [onnx_tf_prefix_/box_net/act_13/Relu;convolution_128]:635
CONV_2D, 0.011, 0.0116, 0.00118579%, 0.0163762%, 0, 1, [onnx_tf_prefix_/class_net/act_13/Relu;convolution_108]:621
Transpose (ND, X32), 0.004, 0.0038, 0.00038845%, 0.0167647%, 0, 1, Delegate/Transpose (ND	 X32):7
CONV_2D, 0.129, 0.1176, 0.0120215%, 0.0287862%, 0, 1, [convolution_126]:673
CONV_2D, 0.055, 0.0534, 0.00545874%, 0.0342449%, 0, 1, [Add_230;convolution_111;convolution_106;Const_2]:659
CONV_2D, 0.037, 0.0386, 0.00394583%, 0.0381907%, 0, 1, [onnx_tf_prefix_/box_net/act_12/Relu;convolution_127]:631
CONV_2D, 0.051, 0.0524, 0.00535652%, 0.0435473%, 0, 1, [onnx_tf_prefix_/class_net/act_12/Relu;convolution_107]:617
CONV_2D, 0.138, 0.1382, 0.0141273%, 0.0576746%, 0, 1, [onnx_tf_prefix_/box_net/act_11/Relu;convolution_125]:669
CONV_2D, 0.037, 0.0352, 0.00359827%, 0.0612728%, 0, 1, [onnx_tf_prefix_/class_net/act_11/Relu;convolution_105]:655
CONV_2D, 0.166, 0.0954, 0.00975213%, 0.071025%, 0, 1, [convolution_902]:613
CONV_2D, 0.05, 0.0528, 0.00539741%, 0.0764224%, 0, 1, [onnx_tf_prefix_/box_net/act_10/Relu;convolution_124]:665
CONV_2D, 0.052, 0.0536, 0.00547919%, 0.0819016%, 0, 1, [onnx_tf_prefix_/class_net/act_10/Relu;convolution_104]:651
SUM, 0.023, 0.0266, 0.00271915%, 0.0846207%, 0, 1, [onnx_tf_prefix_/fpn/cell/cell.3/fnode.7/combine/ReduceSum_1]:609
CONV_2D, 0.36, 0.359, 0.0366983%, 0.121319%, 0, 1, [convolution_122]:703
CONV_2D, 0.134, 0.1332, 0.0136162%, 0.134935%, 0, 1, [Add_226;convolution_111;convolution_102;Const_2]:689
CONV_2D, 0.104, 0.0988, 0.0100997%, 0.145035%, 0, 1, [onnx_tf_prefix_/box_net/act_9/Relu;convolution_123]:661
CONV_2D, 0.109, 0.103, 0.010529%, 0.155564%, 0, 1, [onnx_tf_prefix_/class_net/act_9/Relu;convolution_103]:647
PADV2, 0.017, 0.0162, 0.00165602%, 0.15722%, 0, 1, [PadV2_18]:602
CONV_2D, 0.45, 0.4566, 0.0466753%, 0.203895%, 0, 1, [onnx_tf_prefix_/box_net/act_8/Relu;convolution_121]:699
CONV_2D, 0.112, 0.1404, 0.0143522%, 0.218247%, 0, 1, [onnx_tf_prefix_/class_net/act_8/Relu;convolution_101]:685
CONV_2D, 0.189, 0.2088, 0.0213443%, 0.239592%, 0, 1, [convolution_891]:600
CONV_2D, 0.118, 0.124, 0.0126757%, 0.252267%, 0, 1, [onnx_tf_prefix_/box_net/act_7/Relu;convolution_120]:695
CONV_2D, 0.128, 0.1322, 0.013514%, 0.265781%, 0, 1, [onnx_tf_prefix_/class_net/act_7/Relu;convolution_100]:681
SUM, 0.084, 0.0928, 0.00948635%, 0.275268%, 0, 1, [onnx_tf_prefix_/fpn/cell/cell.3/fnode.6/combine/ReduceSum_1]:596
CONV_2D, 1.228, 1.2658, 0.129395%, 0.404662%, 0, 1, [convolution_118]:733
CONV_2D, 0.337, 0.3342, 0.0341631%, 0.438826%, 0, 1, [Add_222;convolution_111;convolution_98;Const_2]:719
CONV_2D, 0.198, 0.2082, 0.021283%, 0.460108%, 0, 1, [onnx_tf_prefix_/box_net/act_6/Relu;convolution_119]:691
CONV_2D, 0.246, 0.2478, 0.025331%, 0.485439%, 0, 1, [onnx_tf_prefix_/class_net/act_6/Relu;convolution_99]:677
PADV2, 0.035, 0.0348, 0.00355738%, 0.488997%, 0, 1, [PadV2_17]:589
CONV_2D, 1.737, 1.741, 0.177971%, 0.666968%, 0, 1, [onnx_tf_prefix_/box_net/act_5/Relu;convolution_117]:729
CONV_2D, 0.281, 0.2804, 0.0286635%, 0.695632%, 0, 1, [onnx_tf_prefix_/class_net/act_5/Relu;convolution_97]:715
CONV_2D, 0.649, 0.6486, 0.0663022%, 0.761934%, 0, 1, [convolution_881]:587
CONV_2D, 0.367, 0.3674, 0.037557%, 0.799491%, 0, 1, [onnx_tf_prefix_/box_net/act_4/Relu;convolution_116]:725
CONV_2D, 0.412, 0.3922, 0.0400921%, 0.839583%, 0, 1, [onnx_tf_prefix_/class_net/act_4/Relu;convolution_96]:711
SUM, 0.32, 0.3196, 0.0326707%, 0.872254%, 0, 1, [onnx_tf_prefix_/fpn/cell/cell.3/fnode.5/combine/ReduceSum_1]:583
Transpose (ND, X32), 0.089, 0.0415333, 0.0127371%, 0.884991%, 0, 3, Delegate/Transpose (ND	 X32):13
Transpose (ND, X32), 0.027, 0.0121333, 0.00372094%, 0.888712%, 0, 3, Delegate/Transpose (ND	 X32):12
CONV_2D, 5.14, 5.2904, 0.540804%, 1.42952%, 0, 1, [convolution_1142]:763
CONV_2D, 1.146, 1.208, 0.123486%, 1.553%, 0, 1, [Add_218;convolution_111;convolution_94;Const_2]:749
CONV_2D, 0.911, 0.9964, 0.101856%, 1.65486%, 0, 1, [onnx_tf_prefix_/box_net/act_3/Relu;convolution_115]:721
CONV_2D, 1.225, 1.3266, 0.13561%, 1.79047%, 0, 1, [onnx_tf_prefix_/class_net/act_3/Relu;convolution_95]:707
PADV2, 0.077, 0.0782, 0.00799389%, 1.79846%, 0, 1, [PadV2_16]:576
CONV_2D, 7.842, 8.6324, 0.882435%, 2.6809%, 0, 1, [onnx_tf_prefix_/box_net/act_2/Relu;convolution_113]:759
CONV_2D, 1.003, 1.0394, 0.106251%, 2.78715%, 0, 1, [onnx_tf_prefix_/class_net/act_2/Relu;convolution_93]:745
CONV_2D, 2.907, 2.6632, 0.272242%, 3.05939%, 0, 1, [convolution_871]:574
CONV_2D, 1.441, 1.4798, 0.15127%, 3.21066%, 0, 1, [onnx_tf_prefix_/box_net/act_1/Relu;convolution_112]:755
CONV_2D, 1.259, 1.2346, 0.126205%, 3.33686%, 0, 1, [onnx_tf_prefix_/class_net/act_1/Relu;convolution_92]:741
SUM, 1.277, 1.2778, 0.130621%, 3.46749%, 0, 1, [onnx_tf_prefix_/fpn/cell/cell.3/fnode.4/combine/ReduceSum_1]:570
Transpose (ND, X32), 0.023, 0.0107, 0.00437517%, 3.47186%, 0, 4, Delegate/Transpose (ND	 X32):11
Constant Pad (ND, X32), 0.024, 0.01645, 0.00672631%, 3.47859%, 0, 4, Delegate/Constant Pad (ND	 X32):10
Transpose (ND, X32), 0.019, 0.0083, 0.00339382%, 3.48198%, 0, 4, Delegate/Transpose (ND	 X32):9
Transpose (ND, X32), 0.055, 0.0467333, 0.057327%, 3.53931%, 0, 12, Delegate/Transpose (ND	 X32):8
Constant Pad (ND, X32), 0.056, 0.10355, 0.127023%, 3.66633%, 0, 12, Delegate/Constant Pad (ND	 X32):7
CONV_2D, 3.589, 3.648, 0.372912%, 4.03924%, 0, 1, [onnx_tf_prefix_/box_net/act/Relu;convolution_111]:751
CONV_2D, 4.288, 4.3408, 0.443732%, 4.48298%, 0, 1, [onnx_tf_prefix_/class_net/act/Relu;convolution_91]:737
PADV2, 0.178, 0.1792, 0.0183185%, 4.50129%, 0, 1, [PadV2_15]:563
CONV_2D, 11.915, 11.857, 1.21207%, 5.71336%, 0, 1, [convolution_861]:561
SUM, 3.873, 3.8786, 0.396484%, 6.10984%, 0, 1, [onnx_tf_prefix_/fpn/cell/cell.3/fnode.3/combine/ReduceSum_1]:557
RESIZE_NEAREST_NEIGHBOR, 0.168, 0.1518, 0.0155175%, 6.12536%, 0, 1, [ResizeNearestNeighbor_15]:548
CONV_2D, 2.979, 2.6782, 0.273775%, 6.39914%, 0, 1, [convolution_851]:544
SUM, 1.273, 1.161, 0.118682%, 6.51782%, 0, 1, [onnx_tf_prefix_/fpn/cell/cell.3/fnode.2/combine/ReduceSum_1]:540
RESIZE_NEAREST_NEIGHBOR, 0.038, 0.0336, 0.00343471%, 6.52125%, 0, 1, [ResizeNearestNeighbor_14]:531
CONV_2D, 0.802, 0.6986, 0.0714134%, 6.59267%, 0, 1, [convolution_841]:527
SUM, 0.321, 0.2928, 0.0299311%, 6.6226%, 0, 1, [onnx_tf_prefix_/fpn/cell/cell.3/fnode.1/combine/ReduceSum_1]:523
RESIZE_NEAREST_NEIGHBOR, 0.01, 0.0092, 0.000940457%, 6.62354%, 0, 1, [ResizeNearestNeighbor_13]:514
CONV_2D, 0.227, 0.2056, 0.0210172%, 6.64456%, 0, 1, [convolution_831]:510
SUM, 0.079, 0.0734, 0.00750321%, 6.65206%, 0, 1, [onnx_tf_prefix_/fpn/cell/cell.3/fnode.0/combine/ReduceSum_1]:506
RESIZE_NEAREST_NEIGHBOR, 0.005, 0.0046, 0.000470229%, 6.65253%, 0, 1, [ResizeNearestNeighbor_12]:499
CONV_2D, 0.099, 0.1002, 0.0102428%, 6.66277%, 0, 1, [convolution_821]:495
SUM, 0.021, 0.0316, 0.00323027%, 6.666%, 0, 1, [onnx_tf_prefix_/fpn/cell/cell.2/fnode.7/combine/ReduceSum_1]:491
PADV2, 0.016, 0.0156, 0.00159469%, 6.6676%, 0, 1, [PadV2_14]:484
CONV_2D, 0.204, 0.2052, 0.0209763%, 6.68857%, 0, 1, [convolution_811]:482
SUM, 0.08, 0.0738, 0.0075441%, 6.69612%, 0, 1, [onnx_tf_prefix_/fpn/cell/cell.2/fnode.6/combine/ReduceSum_1]:478
PADV2, 0.03, 0.031, 0.00316893%, 6.69929%, 0, 1, [PadV2_13]:471
CONV_2D, 0.918, 0.7302, 0.0746437%, 6.77393%, 0, 1, [convolution_801]:469
SUM, 0.313, 0.2864, 0.0292768%, 6.80321%, 0, 1, [onnx_tf_prefix_/fpn/cell/cell.2/fnode.5/combine/ReduceSum_1]:465
PADV2, 0.064, 0.061, 0.00623564%, 6.80944%, 0, 1, [PadV2_12]:458
CONV_2D, 3.163, 2.814, 0.287657%, 7.0971%, 0, 1, [convolution_791]:456
SUM, 1.279, 1.1958, 0.122239%, 7.21934%, 0, 1, [onnx_tf_prefix_/fpn/cell/cell.2/fnode.4/combine/ReduceSum_1]:452
PADV2, 0.145, 0.1556, 0.015906%, 7.23524%, 0, 1, [PadV2_11]:445
CONV_2D, 11.211, 10.7264, 1.09649%, 8.33174%, 0, 1, [convolution_781]:443
SUM, 4.321, 3.983, 0.407157%, 8.73889%, 0, 1, [onnx_tf_prefix_/fpn/cell/cell.2/fnode.3/combine/ReduceSum_1]:439
RESIZE_NEAREST_NEIGHBOR, 0.169, 0.1692, 0.0172962%, 8.75619%, 0, 1, [ResizeNearestNeighbor_11]:430
CONV_2D, 2.551, 2.4118, 0.246543%, 9.00273%, 0, 1, [convolution_771]:426
SUM, 1.004, 0.9942, 0.101631%, 9.10436%, 0, 1, [onnx_tf_prefix_/fpn/cell/cell.2/fnode.2/combine/ReduceSum_1]:422
RESIZE_NEAREST_NEIGHBOR, 0.029, 0.0316, 0.00323027%, 9.10759%, 0, 1, [ResizeNearestNeighbor_10]:413
CONV_2D, 0.824, 0.6764, 0.069144%, 9.17674%, 0, 1, [convolution_761]:409
SUM, 0.246, 0.2774, 0.0283568%, 9.20509%, 0, 1, [onnx_tf_prefix_/fpn/cell/cell.2/fnode.1/combine/ReduceSum_1]:405
RESIZE_NEAREST_NEIGHBOR, 0.009, 0.0098, 0.00100179%, 9.20609%, 0, 1, [ResizeNearestNeighbor_9]:396
CONV_2D, 0.238, 0.235, 0.0240225%, 9.23012%, 0, 1, [convolution_751]:392
SUM, 0.071, 0.0746, 0.00762588%, 9.23774%, 0, 1, [onnx_tf_prefix_/fpn/cell/cell.2/fnode.0/combine/ReduceSum_1]:388
RESIZE_NEAREST_NEIGHBOR, 0.006, 0.005, 0.000511118%, 9.23825%, 0, 1, [ResizeNearestNeighbor_8]:381
CONV_2D, 0.113, 0.1004, 0.0102633%, 9.24852%, 0, 1, [convolution_741]:377
SUM, 0.033, 0.0216, 0.00220803%, 9.25073%, 0, 1, [onnx_tf_prefix_/fpn/cell/cell.1/fnode.7/combine/ReduceSum_1]:373
PADV2, 0.026, 0.0204, 0.00208536%, 9.25281%, 0, 1, [PadV2_10]:366
CONV_2D, 0.198, 0.2016, 0.0206083%, 9.27342%, 0, 1, [convolution_731]:364
SUM, 0.086, 0.0812, 0.00830056%, 9.28172%, 0, 1, [onnx_tf_prefix_/fpn/cell/cell.1/fnode.6/combine/ReduceSum_1]:360
PADV2, 0.03, 0.0348, 0.00355738%, 9.28528%, 0, 1, [PadV2_9]:353
CONV_2D, 0.638, 0.7796, 0.0796935%, 9.36497%, 0, 1, [convolution_721]:351
SUM, 0.313, 0.317, 0.0324049%, 9.39738%, 0, 1, [onnx_tf_prefix_/fpn/cell/cell.1/fnode.5/combine/ReduceSum_1]:347
PADV2, 0.061, 0.0686, 0.00701254%, 9.40439%, 0, 1, [PadV2_8]:340
CONV_2D, 2.612, 2.5194, 0.257542%, 9.66193%, 0, 1, [convolution_711]:338
SUM, 1.268, 1.2226, 0.124979%, 9.78691%, 0, 1, [onnx_tf_prefix_/fpn/cell/cell.1/fnode.4/combine/ReduceSum_1]:334
Constant Pad (ND, X32), 0.392, 0.416, 0.042525%, 9.82943%, 0, 1, Delegate/Constant Pad (ND	 X32):0
Transpose (ND, X32), 0.422, 0.255, 0.0782011%, 9.90763%, 0, 3, Delegate/Transpose (ND	 X32):1
CONV_2D, 31.005, 31.6534, 3.23572%, 13.1434%, 0, 1, [onnx_tf_prefix_/backbone/act1/Relu;convolution]:2
Transpose (ND, X32), 4.286, 0.551946, 4.17522%, 17.3186%, 0, 74, Delegate/Transpose (ND	 X32):0
PADV2, 2.449, 2.4108, 0.246441%, 17.565%, 0, 1, [PadV2]:4
Max Pooling (NHWC, F32), 1.435, 0.1468, 0.285122%, 17.8501%, 0, 19, Delegate/Max Pooling (NHWC	 F32):1
CONV_2D, 17.119, 15.8604, 1.62131%, 19.4715%, 0, 1, [convolution_410]:7
CONV_2D, 4.011, 3.8924, 0.397895%, 19.8693%, 0, 1, [onnx_tf_prefix_/backbone/layer1/layer1.0/act1/Relu;convolution_1]:8
Constant Pad (ND, X32), 0.459, 0.204353, 1.14893%, 21.0183%, 0, 55, Delegate/Constant Pad (ND	 X32):1
Transpose (ND, X32), 0.352, 0.106559, 0.795177%, 21.8135%, 0, 73, Delegate/Transpose (ND	 X32):2
CONV_2D, 12.504, 11.4342, 1.16885%, 22.9823%, 0, 1, [onnx_tf_prefix_/backbone/layer1/layer1.0/act2/Relu;convolution_2]:12
CONV_2D, 25.55, 25.4502, 2.60161%, 25.5839%, 0, 1, [convolution_310]:13
Add (ND, F32), 3.403, 1.3937, 2.2795%, 27.8634%, 0, 16, Delegate/Add (ND	 F32):0
CONV_2D, 9.902, 9.956, 1.01774%, 28.8812%, 0, 1, [onnx_tf_prefix_/backbone/layer1/layer1.1/act1/Relu;convolution_5]:15
Convolution (NHWC, F32) IGEMM, 1.578, 1.4672, 0.149982%, 29.0311%, 0, 1, Delegate/Convolution (NHWC	 F32) IGEMM:3
CONV_2D, 15.051, 14.8612, 1.51917%, 30.5503%, 0, 1, [convolution_710]:20
CONV_2D, 17.028, 16.8934, 1.7269%, 32.2772%, 0, 1, [onnx_tf_prefix_/backbone/layer1/layer1.2/act1/Relu;convolution_8]:22
CONV_2D, 13.222, 13.0678, 1.33584%, 33.613%, 0, 1, [onnx_tf_prefix_/backbone/layer1/layer1.2/act2/Relu;convolution_9]:26
CONV_2D, 18.413, 18.426, 1.88357%, 35.4966%, 0, 1, [convolution_102]:27
CONV_2D, 12.243, 12.1716, 1.24422%, 36.7408%, 0, 1, [onnx_tf_prefix_/backbone/layer2/layer2.0/act1/Relu;convolution_11]:29
CONV_2D, 26.692, 26.9646, 2.75642%, 39.4973%, 0, 1, [convolution_141]:35
CONV_2D, 4.045, 4.0248, 0.41143%, 39.9087%, 0, 1, [onnx_tf_prefix_/backbone/layer2/layer2.0/act2/Relu;convolution_12]:33
CONV_2D, 11.213, 11.1418, 1.13896%, 41.0476%, 0, 1, [convolution_131]:34
CONV_2D, 5.311, 5.3656, 0.548491%, 41.5961%, 0, 1, [onnx_tf_prefix_/backbone/layer2/layer2.1/act1/Relu;convolution_15]:37
CONV_2D, 4.262, 4.0834, 0.41742%, 42.0136%, 0, 1, [onnx_tf_prefix_/backbone/layer2/layer2.1/act2/Relu;convolution_16]:41
CONV_2D, 15.758, 15.4054, 1.5748%, 43.5883%, 0, 1, [convolution_171]:42
CONV_2D, 8.613, 8.8978, 0.909565%, 44.4979%, 0, 1, [onnx_tf_prefix_/backbone/layer2/layer2.2/act1/Relu;convolution_18]:44
CONV_2D, 15.629, 14.3878, 1.47077%, 45.9687%, 0, 1, [onnx_tf_prefix_/backbone/layer2/layer2.2/act2/Relu;convolution_19]:48
CONV_2D, 16.162, 16.1412, 1.65001%, 47.6187%, 0, 1, [convolution_201]:49
CONV_2D, 9.891, 9.5646, 0.977728%, 48.5964%, 0, 1, [onnx_tf_prefix_/backbone/layer2/layer2.3/act1/Relu;convolution_21]:51
CONV_2D, 17.396, 15.2774, 1.56171%, 50.1581%, 0, 1, [onnx_tf_prefix_/backbone/layer2/layer2.3/act2/Relu;convolution_22]:55
CONV_2D, 17.799, 15.6838, 1.60325%, 51.7614%, 0, 1, [convolution_232]:56
CONV_2D, 10.105, 10.205, 1.04319%, 52.8046%, 0, 1, [convolution_591]:58
CONV_2D, 13.94, 13.7216, 1.40267%, 54.2073%, 0, 1, [onnx_tf_prefix_/backbone/layer3/layer3.0/act1/Relu;convolution_24]:62
CONV_2D, 24.185, 23.0676, 2.35805%, 56.5653%, 0, 1, [convolution_271]:68
Divide (ND, F32), 0.365, 0.0778593, 0.214894%, 56.7802%, 0, 27, Delegate/Divide (ND	 F32):1
Copy (NC, X32), 0.162, 0.0587862, 0.174271%, 56.9545%, 0, 29, Delegate/Copy (NC	 X32):2
Transpose (ND, X32), 0.981, 0.147157, 0.421202%, 57.3757%, 0, 28, Delegate/Transpose (ND	 X32):3
Constant Pad (ND, X32), 0.91, 0.102083, 0.125224%, 57.5009%, 0, 12, Delegate/Constant Pad (ND	 X32):4
Transpose (ND, X32), 0.925, 0.0797333, 0.0978075%, 57.5987%, 0, 12, Delegate/Transpose (ND	 X32):5
CONV_2D, 6.942, 6.8482, 0.700048%, 58.2988%, 0, 1, [onnx_tf_prefix_/backbone/layer3/layer3.0/act2/Relu;convolution_25]:66
CONV_2D, 8.35, 8.2654, 0.844919%, 59.1437%, 0, 1, [convolution_262]:67
CONV_2D, 12.141, 11.4086, 1.16623%, 60.3099%, 0, 1, [onnx_tf_prefix_/backbone/layer3/layer3.1/act1/Relu;convolution_28]:70
CONV_2D, 15.894, 14.4902, 1.48124%, 61.7911%, 0, 1, [onnx_tf_prefix_/backbone/layer3/layer3.1/act2/Relu;convolution_29]:74
CONV_2D, 11.499, 10.1974, 1.04242%, 62.8336%, 0, 1, [convolution_301]:75
CONV_2D, 2.532, 2.337, 0.238897%, 63.0725%, 0, 1, [onnx_tf_prefix_/backbone/layer3/layer3.2/act1/Relu;convolution_31]:77
CONV_2D, 2.668, 2.5742, 0.263144%, 63.3356%, 0, 1, [onnx_tf_prefix_/backbone/layer3/layer3.2/act2/Relu;convolution_32]:81
CONV_2D, 10.392, 9.2554, 0.94612%, 64.2817%, 0, 1, [convolution_331]:82
CONV_2D, 4.487, 4.7126, 0.481739%, 64.7635%, 0, 1, [onnx_tf_prefix_/backbone/layer3/layer3.3/act1/Relu;convolution_34]:84
CONV_2D, 1.803, 1.8724, 0.191403%, 64.9549%, 0, 1, [onnx_tf_prefix_/backbone/layer3/layer3.3/act2/Relu;convolution_35]:88
CONV_2D, 4.02, 4.2974, 0.439296%, 65.3942%, 0, 1, [convolution_361]:89
CONV_2D, 3.06, 3.0138, 0.308082%, 65.7022%, 0, 1, [onnx_tf_prefix_/backbone/layer3/layer3.4/act1/Relu;convolution_37]:91
CONV_2D, 1.65, 1.6836, 0.172104%, 65.8743%, 0, 1, [onnx_tf_prefix_/backbone/layer3/layer3.4/act2/Relu;convolution_38]:95
CONV_2D, 5.773, 5.8636, 0.599398%, 66.4737%, 0, 1, [convolution_391]:96
CONV_2D, 3.816, 3.764, 0.38477%, 66.8585%, 0, 1, [onnx_tf_prefix_/backbone/layer3/layer3.5/act1/Relu;convolution_40]:98
CONV_2D, 6.546, 6.0142, 0.614793%, 67.4733%, 0, 1, [onnx_tf_prefix_/backbone/layer3/layer3.5/act2/Relu;convolution_41]:102
CONV_2D, 8.65, 8.6178, 0.880943%, 68.3542%, 0, 1, [convolution_422]:103
CONV_2D, 8.051, 7.7582, 0.793071%, 69.1473%, 0, 1, [onnx_tf_prefix_/backbone/layer4/layer4.0/act1/Relu;convolution_43]:105
CONV_2D, 14.176, 12.729, 1.3012%, 70.4485%, 0, 1, [convolution_461]:111
CONV_2D, 3.839, 3.439, 0.351547%, 70.8001%, 0, 1, [convolution_571]:151
CONV_2D, 5.216, 3.569, 0.364836%, 71.1649%, 0, 1, [convolution_612]:155
Divide (ND, F32), 0.071, 0.114487, 0.187253%, 71.3522%, 0, 16, Delegate/Divide (ND	 F32):4
Copy (NC, X32), 0.031, 1.83847, 6.01394%, 77.3661%, 0, 32, Delegate/Copy (NC	 X32):5
Transpose (ND, X32), 0.077, 0.0539429, 0.0771993%, 77.4433%, 0, 14, Delegate/Transpose (ND	 X32):6
Multiply (ND, F32), 0.034, 0.0336, 0.00343471%, 77.4467%, 0, 1, Delegate/Multiply (ND	 F32):7
Copy (NC, X32), 0.029, 0.0284, 0.00290315%, 77.4496%, 0, 1, Delegate/Copy (NC	 X32):8
CONV_2D, 3.319, 3.723, 0.380578%, 77.8302%, 0, 1, [onnx_tf_prefix_/backbone/layer4/layer4.0/act2/Relu;convolution_44]:109
CONV_2D, 3.902, 2.3144, 0.236586%, 78.0668%, 0, 1, [convolution_451]:110
CONV_2D, 4.999, 3.162, 0.323231%, 78.39%, 0, 1, [onnx_tf_prefix_/backbone/layer4/layer4.1/act1/Relu;convolution_47]:113
CONV_2D, 3.096, 1.369, 0.139944%, 78.53%, 0, 1, [onnx_tf_prefix_/backbone/layer4/layer4.1/act2/Relu;convolution_48]:117
CONV_2D, 1.648, 1.8004, 0.184043%, 78.714%, 0, 1, [convolution_491]:118
CONV_2D, 1.606, 1.6234, 0.16595%, 78.88%, 0, 1, [onnx_tf_prefix_/backbone/layer4/layer4.2/act1/Relu;convolution_50]:120
CONV_2D, 1.436, 1.452, 0.148429%, 79.0284%, 0, 1, [onnx_tf_prefix_/backbone/layer4/layer4.2/act2/Relu;convolution_51]:124
CONV_2D, 3.32, 3.3304, 0.340446%, 79.3688%, 0, 1, [convolution_522]:125
PADV2, 0.175, 0.1774, 0.0181345%, 79.387%, 0, 1, [PadV2_7]:327
CONV_2D, 12.356, 10.8458, 1.1087%, 80.4957%, 0, 1, [convolution_701]:325
SUM, 4.994, 4.5414, 0.464238%, 80.9599%, 0, 1, [onnx_tf_prefix_/fpn/cell/cell.1/fnode.3/combine/ReduceSum_1]:321
RESIZE_NEAREST_NEIGHBOR, 0.149, 0.1474, 0.0150678%, 80.975%, 0, 1, [ResizeNearestNeighbor_7]:312
CONV_2D, 1.875, 3.2264, 0.329814%, 81.3048%, 0, 1, [convolution_691]:308
SUM, 1.263, 1.1992, 0.122587%, 81.4274%, 0, 1, [onnx_tf_prefix_/fpn/cell/cell.1/fnode.2/combine/ReduceSum_1]:304
RESIZE_NEAREST_NEIGHBOR, 0.038, 0.0464, 0.00474318%, 81.4321%, 0, 1, [ResizeNearestNeighbor_6]:295
CONV_2D, 0.404, 0.4236, 0.0433019%, 81.4754%, 0, 1, [convolution_681]:291
SUM, 0.32, 0.3062, 0.0313009%, 81.5067%, 0, 1, [onnx_tf_prefix_/fpn/cell/cell.1/fnode.1/combine/ReduceSum_1]:287
RESIZE_NEAREST_NEIGHBOR, 0.011, 0.01, 0.00102224%, 81.5077%, 0, 1, [ResizeNearestNeighbor_5]:278
CONV_2D, 0.144, 0.1298, 0.0132686%, 81.521%, 0, 1, [convolution_671]:274
SUM, 0.079, 0.0766, 0.00783033%, 81.5288%, 0, 1, [onnx_tf_prefix_/fpn/cell/cell.1/fnode.0/combine/ReduceSum_1]:270
RESIZE_NEAREST_NEIGHBOR, 0.006, 0.0054, 0.000552007%, 81.5294%, 0, 1, [ResizeNearestNeighbor_4]:263
CONV_2D, 0.046, 0.0666, 0.00680809%, 81.5362%, 0, 1, [convolution_661]:259
SUM, 0.021, 0.022, 0.00224892%, 81.5385%, 0, 1, [onnx_tf_prefix_/fpn/cell/cell.0/fnode.7/combine/ReduceSum_1]:255
PADV2, 0.016, 0.0168, 0.00171736%, 81.5402%, 0, 1, [PadV2_6]:248
CONV_2D, 0.114, 0.1308, 0.0133708%, 81.5535%, 0, 1, [convolution_651]:246
SUM, 0.087, 0.0828, 0.00846411%, 81.562%, 0, 1, [onnx_tf_prefix_/fpn/cell/cell.0/fnode.6/combine/ReduceSum_1]:242
PADV2, 0.031, 0.0316, 0.00323027%, 81.5652%, 0, 1, [PadV2_5]:235
CONV_2D, 1.224, 1.1812, 0.120747%, 81.686%, 0, 1, [convolution_532]:127
CONV_2D, 1.133, 1.1288, 0.11539%, 81.8014%, 0, 1, [convolution_551]:143
CONV_2D, 1.128, 1.137, 0.116228%, 81.9176%, 0, 1, [convolution_631]:147
Divide (ND, F32), 0.019, 0.0184, 0.00188091%, 81.9195%, 0, 1, Delegate/Divide (ND	 F32):2
Copy (NC, X32), 0.009, 0.3566, 0.0729059%, 81.9924%, 0, 2, Delegate/Copy (NC	 X32):3
Transpose (ND, X32), 0.025, 0.0266, 0.00271915%, 81.9951%, 0, 1, Delegate/Transpose (ND	 X32):4
Divide (ND, F32), 0.018, 0.0112, 0.00228981%, 81.9974%, 0, 2, Delegate/Divide (ND	 F32):5
Copy (NC, X32), 0.01, 8.92764, 15.5145%, 97.5119%, 0, 17, Delegate/Copy (NC	 X32):6
PADV2, 0.028, 0.0284, 0.00290315%, 97.5148%, 0, 1, [PadV2_1]:129
Multiply (ND, F32), 0.003, 0.0223, 0.00455917%, 97.5193%, 0, 2, Delegate/Multiply (ND	 F32):3
Copy (NC, X32), 0.005, 0.00472593, 0.0130437%, 97.5324%, 0, 27, Delegate/Copy (NC	 X32):4
PADV2, 0.012, 0.0122, 0.00124713%, 97.5336%, 0, 1, [PadV2_2]:133
Divide (ND, F32), 0.002, 0.03004, 0.0767699%, 97.6104%, 0, 25, Delegate/Divide (ND	 F32):3
RESIZE_NEAREST_NEIGHBOR, 0.005, 0.005, 0.000511118%, 97.6109%, 0, 1, [ResizeNearestNeighbor]:159
Multiply (ND, F32), 0.002, 0.0175, 0.00357783%, 97.6145%, 0, 2, Delegate/Multiply (ND	 F32):1
SUM, 0.065, 0.0656, 0.00670587%, 97.6212%, 0, 1, [onnx_tf_prefix_/fpn/cell/cell.0/fnode.0/combine/ReduceSum_1]:164
Clamp (NC, F32), 0.178, 0.121425, 0.3972%, 98.0184%, 0, 32, Delegate/Clamp (NC	 F32):0
CONV_2D, 0.118, 0.0992, 0.0101406%, 98.0285%, 0, 1, [convolution_541]:168
RESIZE_NEAREST_NEIGHBOR, 0.008, 0.0078, 0.000797344%, 98.0293%, 0, 1, [ResizeNearestNeighbor_1]:172
SUM, 0.25, 0.2516, 0.0257195%, 98.055%, 0, 1, [onnx_tf_prefix_/fpn/cell/cell.0/fnode.1/combine/ReduceSum_1]:177
CONV_2D, 0.309, 0.2976, 0.0304217%, 98.0855%, 0, 1, [convolution_561]:181
RESIZE_NEAREST_NEIGHBOR, 0.029, 0.029, 0.00296448%, 98.0884%, 0, 1, [ResizeNearestNeighbor_2]:185
SUM, 1.313, 1.2854, 0.131398%, 98.2198%, 0, 1, [onnx_tf_prefix_/fpn/cell/cell.0/fnode.2/combine/ReduceSum_1]:190
CONV_2D, 1.975, 1.579, 0.161411%, 98.3812%, 0, 1, [convolution_581]:194
RESIZE_NEAREST_NEIGHBOR, 0.176, 0.124, 0.0126757%, 98.3939%, 0, 1, [ResizeNearestNeighbor_3]:198
SUM, 4.974, 4.9966, 0.51077%, 98.9047%, 0, 1, [onnx_tf_prefix_/fpn/cell/cell.0/fnode.3/combine/ReduceSum_1]:203
CONV_2D, 6.469, 6.3192, 0.645971%, 99.5506%, 0, 1, [convolution_601]:207
PADV2, 0.261, 0.183, 0.0187069%, 99.5694%, 0, 1, [PadV2_3]:209
SUM, 1.321, 1.2986, 0.132748%, 99.7021%, 0, 1, [onnx_tf_prefix_/fpn/cell/cell.0/fnode.4/combine/ReduceSum_1]:216
CONV_2D, 2.035, 2.0874, 0.213382%, 99.9155%, 0, 1, [convolution_621]:220
CONV_2D, 0.405, 0.4432, 0.0453055%, 99.9608%, 0, 1, [convolution_641]:233
SUM, 0.339, 0.3174, 0.0324458%, 99.9932%, 0, 1, [onnx_tf_prefix_/fpn/cell/cell.0/fnode.5/combine/ReduceSum_1]:229
PADV2, 0.065, 0.0662, 0.0067672%, 100%, 0, 1, [PadV2_4]:222

============================== Top by Computation Time ==============================
node type, first, avg_ms, %, cdf%, mem KB, times called, name
CONV_2D, 31.005, 31.6534, 3.23572%, 3.23572%, 0, 1, [onnx_tf_prefix_/backbone/act1/Relu;convolution]:2
CONV_2D, 26.692, 26.9646, 2.75642%, 5.99214%, 0, 1, [convolution_141]:35
CONV_2D, 25.55, 25.4502, 2.60161%, 8.59375%, 0, 1, [convolution_310]:13
CONV_2D, 24.185, 23.0676, 2.35805%, 10.9518%, 0, 1, [convolution_271]:68
CONV_2D, 18.413, 18.426, 1.88357%, 12.8354%, 0, 1, [convolution_102]:27
CONV_2D, 17.028, 16.8934, 1.7269%, 14.5623%, 0, 1, [onnx_tf_prefix_/backbone/layer1/layer1.2/act1/Relu;convolution_8]:22
CONV_2D, 16.162, 16.1412, 1.65001%, 16.2123%, 0, 1, [convolution_201]:49
CONV_2D, 17.119, 15.8604, 1.62131%, 17.8336%, 0, 1, [convolution_410]:7
CONV_2D, 17.799, 15.6838, 1.60325%, 19.4369%, 0, 1, [convolution_232]:56
CONV_2D, 15.758, 15.4054, 1.5748%, 21.0117%, 0, 1, [convolution_171]:42

Number of nodes executed: 233
============================== Summary by node type ==============================
node type, count, avg_ms, avg %, cdf %, mem KB, times called
CONV_2D, 130, 624.967, 63.8926%, 63.8926%, 0, 130
Copy (NC, X32), 6, 213.172, 21.7933%, 85.686%, 0, 108
Transpose (ND, X32), 13, 56.042, 5.72938%, 91.4154%, 0, 232
SUM, 32, 30.11, 3.07825%, 94.4936%, 0, 32
Add (ND, F32), 1, 22.299, 2.27971%, 96.7733%, 0, 16
Constant Pad (ND, X32), 5, 14.187, 1.45039%, 98.2237%, 0, 84
Divide (ND, F32), 5, 4.724, 0.482952%, 98.7066%, 0, 71
Clamp (NC, F32), 1, 3.885, 0.397178%, 99.1038%, 0, 32
PADV2, 19, 3.614, 0.369472%, 99.4733%, 0, 19
Max Pooling (NHWC, F32), 1, 2.789, 0.28513%, 99.7584%, 0, 19
Convolution (NHWC, F32) IGEMM, 1, 1.467, 0.149977%, 99.9084%, 0, 1
RESIZE_NEAREST_NEIGHBOR, 16, 0.784, 0.0801511%, 99.9886%, 0, 16
Multiply (ND, F32), 3, 0.112, 0.0114502%, 100%, 0, 5

Timings (microseconds): count=5 first=1015327 curr=1002758 min=943739 max=1015327 avg=978248 std=27194
Memory (bytes): count=0
233 nodes observed


